%YAML:1.0

cam0:
  T_imu_cam: #rotation from camera to IMU R_CtoI, position of camera in IMU p_CinI
    - [-0.011395118339478566, 0.9999008684118895, -0.008270708988883047, 0.04793806491163976]
    - [0.7327032358072658, 0.01397805517554887, 0.680404719421516, 0.0051892856947221185]
    - [0.6804528782477093, 0.0016933170579730428, -0.7327898833647677, -0.0693370281802728]
    - [0.0, 0.0, 0.0, 1.0]
  cam_overlaps: [1]
  camera_model: pinhole
  distortion_coeffs: [-0.29009128217932323, 0.08506681186000616, 0.000570007756547092, -0.0003798595567177895]
  distortion_model: radtan
  intrinsics: [470.9437289490109, 470.64438997506454, 386.5407122532259, 266.1696903310137] #fu, fv, cu, cv
  resolution: [752, 480]
  rostopic: /camera/image_raw
  timeshift_cam_imu: -0.009621259568774894
